starting simulations
--------------------- normal ----------------------
simulation 1/30
        mean  mode  median
992  120.592  68.0    68.0
993  120.669  68.0    68.0
994  120.746  68.0    68.0
995  120.823  68.0    68.0
996  120.900  68.0    68.0
simulation 2/30
         mean  mode  median
992  124.4896  68.0    68.0
993  124.5722  68.0    68.0
994  124.6548  68.0    68.0
995  124.7374  68.0    68.0
996  124.8200  68.0    68.0
simulation 3/30
        mean  mode  median
992  108.064  68.0    68.0
993  108.123  68.0    68.0
994  108.182  68.0    68.0
995  108.241  68.0    68.0
996  108.300  68.0    68.0
simulation 4/30
        mean  mode  median
992  121.288  68.0    68.0
993  121.366  68.0    68.0
994  121.444  68.0    68.0
995  121.522  68.0    68.0
996  121.600  68.0    68.0
simulation 5/30
         mean  mode  median
992  116.6944  68.0    68.0
993  116.7658  68.0    68.0
994  116.8372  68.0    68.0
995  116.9086  68.0    68.0
996  116.9800  68.0    68.0
simulation 6/30
        mean  mode  median
992  113.632  68.0    68.0
993  113.699  68.0    68.0
994  113.766  68.0    68.0
995  113.833  68.0    68.0
996  113.900  68.0    68.0
simulation 7/30
         mean  mode  median
992  112.7968  68.0    68.0
993  112.8626  68.0    68.0
994  112.9284  68.0    68.0
995  112.9942  68.0    68.0
996  113.0600  68.0    68.0
simulation 8/30
         mean  mode  median
992  118.9216  68.0    68.0
993  118.9962  68.0    68.0
994  119.0708  68.0    68.0
995  119.1454  68.0    68.0
996  119.2200  68.0    68.0
simulation 9/30
         mean  mode  median
992  110.7088  68.0    68.0
993  110.7716  68.0    68.0
994  110.8344  68.0    68.0
995  110.8972  68.0    68.0
996  110.9600  68.0    68.0
simulation 10/30
         mean  mode  median
992  127.2736  68.0    68.0
993  127.3602  68.0    68.0
994  127.4468  68.0    68.0
995  127.5334  68.0    68.0
996  127.6200  68.0    68.0
simulation 11/30
         mean  mode  median
992  119.6176  68.0    68.0
993  119.6932  68.0    68.0
994  119.7688  68.0    68.0
995  119.8444  68.0    68.0
996  119.9200  68.0    68.0
simulation 12/30
         mean  mode  median
992  106.9504  68.0    68.0
993  107.0078  68.0    68.0
994  107.0652  68.0    68.0
995  107.1226  68.0    68.0
996  107.1800  68.0    68.0
simulation 13/30
         mean  mode  median
992  123.0976  68.0    68.0
993  123.1782  68.0    68.0
994  123.2588  68.0    68.0
995  123.3394  68.0    68.0
996  123.4200  68.0    68.0
simulation 14/30
         mean  mode  median
992  116.5552  68.0    68.0
993  116.6264  68.0    68.0
994  116.6976  68.0    68.0
995  116.7688  68.0    68.0
996  116.8400  68.0    68.0
simulation 15/30
         mean  mode  median
992  115.1632  68.0    68.0
993  115.2324  68.0    68.0
994  115.3016  68.0    68.0
995  115.3708  68.0    68.0
996  115.4400  68.0    68.0
simulation 16/30
         mean  mode  median
992  112.6576  68.0    68.0
993  112.7232  68.0    68.0
994  112.7888  68.0    68.0
995  112.8544  68.0    68.0
996  112.9200  68.0    68.0
simulation 17/30
         mean  mode  median
992  111.9616  68.0    68.0
993  112.0262  68.0    68.0
994  112.0908  68.0    68.0
995  112.1554  68.0    68.0
996  112.2200  68.0    68.0
simulation 18/30
         mean  mode  median
992  120.3136  68.0    68.0
993  120.3902  68.0    68.0
994  120.4668  68.0    68.0
995  120.5434  68.0    68.0
996  120.6200  68.0    68.0
simulation 19/30
         mean  mode  median
992  114.8848  68.0    68.0
993  114.9536  68.0    68.0
994  115.0224  68.0    68.0
995  115.0912  68.0    68.0
996  115.1600  68.0    68.0
simulation 20/30
         mean  mode  median
992  122.4016  68.0    68.0
993  122.4812  68.0    68.0
994  122.5608  68.0    68.0
995  122.6404  68.0    68.0
996  122.7200  68.0    68.0
simulation 21/30
        mean  mode  median
992  123.376  68.0    68.0
993  123.457  68.0    68.0
994  123.538  68.0    68.0
995  123.619  68.0    68.0
996  123.700  68.0    68.0
simulation 22/30
         mean  mode  median
992  113.3536  68.0    68.0
993  113.4202  68.0    68.0
994  113.4868  68.0    68.0
995  113.5534  68.0    68.0
996  113.6200  68.0    68.0
simulation 23/30
         mean  mode  median
992  107.6464  68.0    68.0
993  107.7048  68.0    68.0
994  107.7632  68.0    68.0
995  107.8216  68.0    68.0
996  107.8800  68.0    68.0
simulation 24/30
         mean  mode  median
992  120.3136  68.0    68.0
993  120.3902  68.0    68.0
994  120.4668  68.0    68.0
995  120.5434  68.0    68.0
996  120.6200  68.0    68.0
simulation 25/30
         mean  mode  median
992  117.5296  68.0    68.0
993  117.6022  68.0    68.0
994  117.6748  68.0    68.0
995  117.7474  68.0    68.0
996  117.8200  68.0    68.0
simulation 26/30
         mean  mode  median
992  128.6656  68.0    68.0
993  128.7542  68.0    68.0
994  128.8428  68.0    68.0
995  128.9314  68.0    68.0
996  129.0200  68.0    68.0
simulation 27/30
         mean  mode  median
992  120.3136  68.0    68.0
993  120.3902  68.0    68.0
994  120.4668  68.0    68.0
995  120.5434  68.0    68.0
996  120.6200  68.0    68.0
simulation 28/30
         mean  mode  median
992  121.7056  68.0    68.0
993  121.7842  68.0    68.0
994  121.8628  68.0    68.0
995  121.9414  68.0    68.0
996  122.0200  68.0    68.0
simulation 29/30
         mean  mode  median
992  116.8336  68.0    68.0
993  116.9052  68.0    68.0
994  116.9768  68.0    68.0
995  117.0484  68.0    68.0
996  117.1200  68.0    68.0
simulation 30/30
         mean  mode  median
992  129.0832  68.0    68.0
993  129.1724  68.0    68.0
994  129.2616  68.0    68.0
995  129.3508  68.0    68.0
996  129.4400  68.0    68.0
--------------------- skewnorm ----------------------
simulation 1/30
         mean  mode  median
992  233.0656  68.0   137.6
993  233.3042  68.0   137.7
994  233.5428  68.0   137.8
995  233.7814  68.0   137.9
996  234.0200  68.0   138.0
simulation 2/30
         mean  mode  median
992  244.0624  68.0   137.6
993  244.3168  68.0   137.7
994  244.5712  68.0   137.8
995  244.8256  68.0   137.9
996  245.0800  68.0   138.0
simulation 3/30
         mean  mode  median
992  216.2224  68.0   137.6
993  216.4368  68.0   137.7
994  216.6512  68.0   137.8
995  216.8656  68.0   137.9
996  217.0800  68.0   138.0
simulation 4/30
         mean  mode  median
992  233.7616  68.0   137.6
993  234.0012  68.0   137.7
994  234.2408  68.0   137.8
995  234.4804  68.0   137.9
996  234.7200  68.0   138.0
simulation 5/30
         mean  mode  median
992  223.7392  68.0   137.6
993  223.9644  68.0   137.7
994  224.1896  68.0   137.8
995  224.4148  68.0   137.9
996  224.6400  68.0   138.0
simulation 6/30
        mean  mode  median
992  239.608  68.0   137.6
993  239.856  68.0   137.7
994  240.104  68.0   137.8
995  240.352  68.0   137.9
996  240.600  68.0   138.0
simulation 7/30
         mean  mode  median
992  236.4064  68.0   137.6
993  236.6498  68.0   137.7
994  236.8932  68.0   137.8
995  237.1366  68.0   137.9
996  237.3800  68.0   138.0
simulation 8/30
        mean  mode  median
992  224.992  68.0   137.6
993  225.219  68.0   137.7
994  225.446  68.0   137.8
995  225.673  68.0   137.9
996  225.900  68.0   138.0
simulation 9/30
         mean  mode  median
992  220.3984  68.0   137.6
993  220.6188  68.0   137.7
994  220.8392  68.0   137.8
995  221.0596  68.0   137.9
996  221.2800  68.0   138.0
simulation 10/30
        mean  mode  median
992  218.032  68.0   137.6
993  218.249  68.0   137.7
994  218.466  68.0   137.8
995  218.683  68.0   137.9
996  218.900  68.0   138.0
simulation 11/30
         mean  mode  median
992  226.8016  68.0   137.6
993  227.0312  68.0   137.7
994  227.2608  68.0   137.8
995  227.4904  68.0   137.9
996  227.7200  68.0   138.0
simulation 12/30
         mean  mode  median
992  232.9264  68.0   137.6
993  233.1648  68.0   137.7
994  233.4032  68.0   137.8
995  233.6416  68.0   137.9
996  233.8800  68.0   138.0
simulation 13/30
         mean  mode  median
992  233.6224  68.0   137.6
993  233.8618  68.0   137.7
994  234.1012  68.0   137.8
995  234.3406  68.0   137.9
996  234.5800  68.0   138.0
simulation 14/30
         mean  mode  median
992  233.0656  68.0   137.6
993  233.3042  68.0   137.7
994  233.5428  68.0   137.8
995  233.7814  68.0   137.9
996  234.0200  68.0   138.0
simulation 15/30
         mean  mode  median
992  225.8272  68.0   137.6
993  226.0554  68.0   137.7
994  226.2836  68.0   137.8
995  226.5118  68.0   137.9
996  226.7400  68.0   138.0
simulation 16/30
         mean  mode  median
992  230.1424  68.0   137.6
993  230.3768  68.0   137.7
994  230.6112  68.0   137.8
995  230.8456  68.0   137.9
996  231.0800  68.0   138.0
simulation 17/30
         mean  mode  median
992  231.6736  68.0   137.6
993  231.9102  68.0   137.7
994  232.1468  68.0   137.8
995  232.3834  68.0   137.9
996  232.6200  68.0   138.0
simulation 18/30
        mean  mode  median
992  228.472  68.0   137.6
993  228.704  68.0   137.7
994  228.936  68.0   137.8
995  229.168  68.0   137.9
996  229.400  68.0   138.0
simulation 19/30
         mean  mode  median
992  229.4464  68.0   137.6
993  229.6798  68.0   137.7
994  229.9132  68.0   137.8
995  230.1466  68.0   137.9
996  230.3800  68.0   138.0
simulation 20/30
         mean  mode  median
992  230.8384  68.0   137.6
993  231.0738  68.0   137.7
994  231.3092  68.0   137.8
995  231.5446  68.0   137.9
996  231.7800  68.0   138.0
simulation 21/30
        mean  mode  median
992  223.600  68.0   137.6
993  223.825  68.0   137.7
994  224.050  68.0   137.8
995  224.275  68.0   137.9
996  224.500  68.0   138.0
simulation 22/30
        mean  mode  median
992  222.208  68.0   137.6
993  222.431  68.0   137.7
994  222.654  68.0   137.8
995  222.877  68.0   137.9
996  223.100  68.0   138.0
simulation 23/30
         mean  mode  median
992  224.7136  68.0   137.6
993  224.9402  68.0   137.7
994  225.1668  68.0   137.8
995  225.3934  68.0   137.9
996  225.6200  68.0   138.0
simulation 24/30
         mean  mode  median
992  233.2048  68.0   137.6
993  233.4436  68.0   137.7
994  233.6824  68.0   137.8
995  233.9212  68.0   137.9
996  234.1600  68.0   138.0
simulation 25/30
         mean  mode  median
992  226.6624  68.0   137.6
993  226.8918  68.0   137.7
994  227.1212  68.0   137.8
995  227.3506  68.0   137.9
996  227.5800  68.0   138.0
simulation 26/30
        mean  mode  median
992  227.776  68.0   137.6
993  228.007  68.0   137.7
994  228.238  68.0   137.8
995  228.469  68.0   137.9
996  228.700  68.0   138.0
simulation 27/30
         mean  mode  median
992  230.4208  68.0   137.6
993  230.6556  68.0   137.7
994  230.8904  68.0   137.8
995  231.1252  68.0   137.9
996  231.3600  68.0   138.0
simulation 28/30
         mean  mode  median
992  228.1936  68.0   137.6
993  228.4252  68.0   137.7
994  228.6568  68.0   137.8
995  228.8884  68.0   137.9
996  229.1200  68.0   138.0
simulation 29/30
         mean  mode  median
992  232.9264  68.0   137.6
993  233.1648  68.0   137.7
994  233.4032  68.0   137.8
995  233.6416  68.0   137.9
996  233.8800  68.0   138.0
simulation 30/30
         mean  mode  median
992  232.3696  68.0   137.6
993  232.6072  68.0   137.7
994  232.8448  68.0   137.8
995  233.0824  68.0   137.9
996  233.3200  68.0   138.0
--------------------- uniform ----------------------
simulation 1/30
     mean  mode  median
992  67.0  68.0    68.0
993  67.0  68.0    68.0
994  67.0  68.0    68.0
995  67.0  68.0    68.0
996  67.0  68.0    68.0
simulation 2/30
     mean  mode  median
992  67.0  68.0    68.0
993  67.0  68.0    68.0
994  67.0  68.0    68.0
995  67.0  68.0    68.0
996  67.0  68.0    68.0
simulation 3/30
     mean  mode  median
992  67.0  68.0    68.0
993  67.0  68.0    68.0
994  67.0  68.0    68.0
995  67.0  68.0    68.0
996  67.0  68.0    68.0
simulation 4/30
     mean  mode  median
992  67.0  68.0    68.0
993  67.0  68.0    68.0
994  67.0  68.0    68.0
995  67.0  68.0    68.0
996  67.0  68.0    68.0
simulation 5/30
     mean  mode  median
992  67.0  68.0    68.0
993  67.0  68.0    68.0
994  67.0  68.0    68.0
995  67.0  68.0    68.0
996  67.0  68.0    68.0
simulation 6/30
     mean  mode  median
992  67.0  68.0    68.0
993  67.0  68.0    68.0
994  67.0  68.0    68.0
995  67.0  68.0    68.0
996  67.0  68.0    68.0
simulation 7/30
     mean  mode  median
992  67.0  68.0    68.0
993  67.0  68.0    68.0
994  67.0  68.0    68.0
995  67.0  68.0    68.0
996  67.0  68.0    68.0
simulation 8/30
     mean  mode  median
992  67.0  68.0    68.0
993  67.0  68.0    68.0
994  67.0  68.0    68.0
995  67.0  68.0    68.0
996  67.0  68.0    68.0
simulation 9/30
     mean  mode  median
992  67.0  68.0    68.0
993  67.0  68.0    68.0
994  67.0  68.0    68.0
995  67.0  68.0    68.0
996  67.0  68.0    68.0
simulation 10/30
     mean  mode  median
992  67.0  68.0    68.0
993  67.0  68.0    68.0
994  67.0  68.0    68.0
995  67.0  68.0    68.0
996  67.0  68.0    68.0
simulation 11/30
     mean  mode  median
992  67.0  68.0    68.0
993  67.0  68.0    68.0
994  67.0  68.0    68.0
995  67.0  68.0    68.0
996  67.0  68.0    68.0
simulation 12/30
     mean  mode  median
992  67.0  68.0    68.0
993  67.0  68.0    68.0
994  67.0  68.0    68.0
995  67.0  68.0    68.0
996  67.0  68.0    68.0
simulation 13/30
     mean  mode  median
992  67.0  68.0    68.0
993  67.0  68.0    68.0
994  67.0  68.0    68.0
995  67.0  68.0    68.0
996  67.0  68.0    68.0
simulation 14/30
     mean  mode  median
992  67.0  68.0    68.0
993  67.0  68.0    68.0
994  67.0  68.0    68.0
995  67.0  68.0    68.0
996  67.0  68.0    68.0
simulation 15/30
     mean  mode  median
992  67.0  68.0    68.0
993  67.0  68.0    68.0
994  67.0  68.0    68.0
995  67.0  68.0    68.0
996  67.0  68.0    68.0
simulation 16/30
     mean  mode  median
992  67.0  68.0    68.0
993  67.0  68.0    68.0
994  67.0  68.0    68.0
995  67.0  68.0    68.0
996  67.0  68.0    68.0
simulation 17/30
     mean  mode  median
992  67.0  68.0    68.0
993  67.0  68.0    68.0
994  67.0  68.0    68.0
995  67.0  68.0    68.0
996  67.0  68.0    68.0
simulation 18/30
     mean  mode  median
992  67.0  68.0    68.0
993  67.0  68.0    68.0
994  67.0  68.0    68.0
995  67.0  68.0    68.0
996  67.0  68.0    68.0
simulation 19/30
     mean  mode  median
992  67.0  68.0    68.0
993  67.0  68.0    68.0
994  67.0  68.0    68.0
995  67.0  68.0    68.0
996  67.0  68.0    68.0
simulation 20/30
     mean  mode  median
992  67.0  68.0    68.0
993  67.0  68.0    68.0
994  67.0  68.0    68.0
995  67.0  68.0    68.0
996  67.0  68.0    68.0
simulation 21/30
     mean  mode  median
992  67.0  68.0    68.0
993  67.0  68.0    68.0
994  67.0  68.0    68.0
995  67.0  68.0    68.0
996  67.0  68.0    68.0
simulation 22/30
     mean  mode  median
992  67.0  68.0    68.0
993  67.0  68.0    68.0
994  67.0  68.0    68.0
995  67.0  68.0    68.0
996  67.0  68.0    68.0
simulation 23/30
     mean  mode  median
992  67.0  68.0    68.0
993  67.0  68.0    68.0
994  67.0  68.0    68.0
995  67.0  68.0    68.0
996  67.0  68.0    68.0
simulation 24/30
     mean  mode  median
992  67.0  68.0    68.0
993  67.0  68.0    68.0
994  67.0  68.0    68.0
995  67.0  68.0    68.0
996  67.0  68.0    68.0
simulation 25/30
     mean  mode  median
992  67.0  68.0    68.0
993  67.0  68.0    68.0
994  67.0  68.0    68.0
995  67.0  68.0    68.0
996  67.0  68.0    68.0
simulation 26/30
     mean  mode  median
992  67.0  68.0    68.0
993  67.0  68.0    68.0
994  67.0  68.0    68.0
995  67.0  68.0    68.0
996  67.0  68.0    68.0
simulation 27/30
     mean  mode  median
992  67.0  68.0    68.0
993  67.0  68.0    68.0
994  67.0  68.0    68.0
995  67.0  68.0    68.0
996  67.0  68.0    68.0
simulation 28/30
     mean  mode  median
992  67.0  68.0    68.0
993  67.0  68.0    68.0
994  67.0  68.0    68.0
995  67.0  68.0    68.0
996  67.0  68.0    68.0
simulation 29/30
     mean  mode  median
992  67.0  68.0    68.0
993  67.0  68.0    68.0
994  67.0  68.0    68.0
995  67.0  68.0    68.0
996  67.0  68.0    68.0
simulation 30/30
     mean  mode  median
992  67.0  68.0    68.0
993  67.0  68.0    68.0
994  67.0  68.0    68.0
995  67.0  68.0    68.0
996  67.0  68.0    68.0
--------------------- exponential ----------------------
simulation 1/30
         mean  mode  median
992  172.6528  68.0    68.0
993  172.8046  68.0    68.0
994  172.9564  68.0    68.0
995  173.1082  68.0    68.0
996  173.2600  68.0    68.0
simulation 2/30
         mean  mode  median
992  169.8688  68.0    68.0
993  170.0166  68.0    68.0
994  170.1644  68.0    68.0
995  170.3122  68.0    68.0
996  170.4600  68.0    68.0
simulation 3/30
       mean  mode  median
992  171.40  68.0    68.0
993  171.55  68.0    68.0
994  171.70  68.0    68.0
995  171.85  68.0    68.0
996  172.00  68.0    68.0
simulation 4/30
         mean  mode  median
992  161.2384  68.0    68.0
993  161.3738  68.0    68.0
994  161.5092  68.0    68.0
995  161.6446  68.0    68.0
996  161.7800  68.0    68.0
simulation 5/30
         mean  mode  median
992  167.7808  68.0    68.0
993  167.9256  68.0    68.0
994  168.0704  68.0    68.0
995  168.2152  68.0    68.0
996  168.3600  68.0    68.0
simulation 6/30
         mean  mode  median
992  164.5792  68.0    68.0
993  164.7194  68.0    68.0
994  164.8596  68.0    68.0
995  164.9998  68.0    68.0
996  165.1400  68.0    68.0
simulation 7/30
         mean  mode  median
992  177.2464  68.0    68.0
993  177.4048  68.0    68.0
994  177.5632  68.0    68.0
995  177.7216  68.0    68.0
996  177.8800  68.0    68.0
simulation 8/30
        mean  mode  median
992  174.880  68.0    68.0
993  175.035  68.0    68.0
994  175.190  68.0    68.0
995  175.345  68.0    68.0
996  175.500  68.0    68.0
simulation 9/30
         mean  mode  median
992  185.4592  68.0    68.0
993  185.6294  68.0    68.0
994  185.7996  68.0    68.0
995  185.9698  68.0    68.0
996  186.1400  68.0    68.0
simulation 10/30
         mean  mode  median
992  168.8944  68.0    68.0
993  169.0408  68.0    68.0
994  169.1872  68.0    68.0
995  169.3336  68.0    68.0
996  169.4800  68.0    68.0
simulation 11/30
         mean  mode  median
992  166.3888  68.0    68.0
993  166.5316  68.0    68.0
994  166.6744  68.0    68.0
995  166.8172  68.0    68.0
996  166.9600  68.0    68.0
simulation 12/30
         mean  mode  median
992  189.3568  68.0    68.0
993  189.5326  68.0    68.0
994  189.7084  68.0    68.0
995  189.8842  68.0    68.0
996  190.0600  68.0    68.0
simulation 13/30
         mean  mode  median
992  159.8464  68.0    68.0
993  159.9798  68.0    68.0
994  160.1132  68.0    68.0
995  160.2466  68.0    68.0
996  160.3800  68.0    68.0
simulation 14/30
         mean  mode  median
992  185.1808  68.0    68.0
993  185.3506  68.0    68.0
994  185.5204  68.0    68.0
995  185.6902  68.0    68.0
996  185.8600  68.0    68.0
simulation 15/30
        mean  mode  median
992  170.704  68.0    68.0
993  170.853  68.0    68.0
994  171.002  68.0    68.0
995  171.151  68.0    68.0
996  171.300  68.0    68.0
simulation 16/30
         mean  mode  median
992  168.1984  68.0    68.0
993  168.3438  68.0    68.0
994  168.4892  68.0    68.0
995  168.6346  68.0    68.0
996  168.7800  68.0    68.0
simulation 17/30
         mean  mode  median
992  176.5504  68.0    68.0
993  176.7078  68.0    68.0
994  176.8652  68.0    68.0
995  177.0226  68.0    68.0
996  177.1800  68.0    68.0
simulation 18/30
        mean  mode  median
992  158.872  68.0    68.0
993  159.004  68.0    68.0
994  159.136  68.0    68.0
995  159.268  68.0    68.0
996  159.400  68.0    68.0
simulation 19/30
        mean  mode  median
992  165.832  68.0    68.0
993  165.974  68.0    68.0
994  166.116  68.0    68.0
995  166.258  68.0    68.0
996  166.400  68.0    68.0
simulation 20/30
         mean  mode  median
992  160.8208  68.0    68.0
993  160.9556  68.0    68.0
994  161.0904  68.0    68.0
995  161.2252  68.0    68.0
996  161.3600  68.0    68.0
simulation 21/30
         mean  mode  median
992  179.8912  68.0    68.0
993  180.0534  68.0    68.0
994  180.2156  68.0    68.0
995  180.3778  68.0    68.0
996  180.5400  68.0    68.0
simulation 22/30
        mean  mode  median
992  179.752  68.0    68.0
993  179.914  68.0    68.0
994  180.076  68.0    68.0
995  180.238  68.0    68.0
996  180.400  68.0    68.0
simulation 23/30
        mean  mode  median
992  176.272  68.0    68.0
993  176.429  68.0    68.0
994  176.586  68.0    68.0
995  176.743  68.0    68.0
996  176.900  68.0    68.0
simulation 24/30
        mean  mode  median
992  188.104  68.0    68.0
993  188.278  68.0    68.0
994  188.452  68.0    68.0
995  188.626  68.0    68.0
996  188.800  68.0    68.0
simulation 25/30
         mean  mode  median
992  174.7408  68.0    68.0
993  174.8956  68.0    68.0
994  175.0504  68.0    68.0
995  175.2052  68.0    68.0
996  175.3600  68.0    68.0
simulation 26/30
         mean  mode  median
992  174.4624  68.0    68.0
993  174.6168  68.0    68.0
994  174.7712  68.0    68.0
995  174.9256  68.0    68.0
996  175.0800  68.0    68.0
simulation 27/30
         mean  mode  median
992  166.8064  68.0    68.0
993  166.9498  68.0    68.0
994  167.0932  68.0    68.0
995  167.2366  68.0    68.0
996  167.3800  68.0    68.0
simulation 28/30
         mean  mode  median
992  165.2752  68.0    68.0
993  165.4164  68.0    68.0
994  165.5576  68.0    68.0
995  165.6988  68.0    68.0
996  165.8400  68.0    68.0
simulation 29/30
         mean  mode  median
992  159.7072  68.0    68.0
993  159.8404  68.0    68.0
994  159.9736  68.0    68.0
995  160.1068  68.0    68.0
996  160.2400  68.0    68.0
simulation 30/30
         mean  mode  median
992  165.5536  68.0    68.0
993  165.6952  68.0    68.0
994  165.8368  68.0    68.0
995  165.9784  68.0    68.0
996  166.1200  68.0    68.0
--------------------- poisson ----------------------
simulation 1/30
     mean  mode  median
992  67.0  68.0    68.0
993  67.0  68.0    68.0
994  67.0  68.0    68.0
995  67.0  68.0    68.0
996  67.0  68.0    68.0
simulation 2/30
     mean  mode  median
992  67.0  68.0    68.0
993  67.0  68.0    68.0
994  67.0  68.0    68.0
995  67.0  68.0    68.0
996  67.0  68.0    68.0
simulation 3/30
     mean  mode  median
992  67.0  68.0    68.0
993  67.0  68.0    68.0
994  67.0  68.0    68.0
995  67.0  68.0    68.0
996  67.0  68.0    68.0
simulation 4/30
     mean  mode  median
992  67.0  68.0    68.0
993  67.0  68.0    68.0
994  67.0  68.0    68.0
995  67.0  68.0    68.0
996  67.0  68.0    68.0
simulation 5/30
     mean  mode  median
992  67.0  68.0    68.0
993  67.0  68.0    68.0
994  67.0  68.0    68.0
995  67.0  68.0    68.0
996  67.0  68.0    68.0
simulation 6/30
     mean  mode  median
992  67.0  68.0    68.0
993  67.0  68.0    68.0
994  67.0  68.0    68.0
995  67.0  68.0    68.0
996  67.0  68.0    68.0
simulation 7/30
     mean  mode  median
992  67.0  68.0    68.0
993  67.0  68.0    68.0
994  67.0  68.0    68.0
995  67.0  68.0    68.0
996  67.0  68.0    68.0
simulation 8/30
     mean  mode  median
992  67.0  68.0    68.0
993  67.0  68.0    68.0
994  67.0  68.0    68.0
995  67.0  68.0    68.0
996  67.0  68.0    68.0
simulation 9/30
     mean  mode  median
992  67.0  68.0    68.0
993  67.0  68.0    68.0
994  67.0  68.0    68.0
995  67.0  68.0    68.0
996  67.0  68.0    68.0
simulation 10/30
     mean  mode  median
992  67.0  68.0    68.0
993  67.0  68.0    68.0
994  67.0  68.0    68.0
995  67.0  68.0    68.0
996  67.0  68.0    68.0
simulation 11/30
     mean  mode  median
992  67.0  68.0    68.0
993  67.0  68.0    68.0
994  67.0  68.0    68.0
995  67.0  68.0    68.0
996  67.0  68.0    68.0
simulation 12/30
     mean  mode  median
992  67.0  68.0    68.0
993  67.0  68.0    68.0
994  67.0  68.0    68.0
995  67.0  68.0    68.0
996  67.0  68.0    68.0
simulation 13/30
     mean  mode  median
992  67.0  68.0    68.0
993  67.0  68.0    68.0
994  67.0  68.0    68.0
995  67.0  68.0    68.0
996  67.0  68.0    68.0
simulation 14/30
     mean  mode  median
992  67.0  68.0    68.0
993  67.0  68.0    68.0
994  67.0  68.0    68.0
995  67.0  68.0    68.0
996  67.0  68.0    68.0
simulation 15/30
     mean  mode  median
992  67.0  68.0    68.0
993  67.0  68.0    68.0
994  67.0  68.0    68.0
995  67.0  68.0    68.0
996  67.0  68.0    68.0
simulation 16/30
     mean  mode  median
992  67.0  68.0    68.0
993  67.0  68.0    68.0
994  67.0  68.0    68.0
995  67.0  68.0    68.0
996  67.0  68.0    68.0
simulation 17/30
     mean  mode  median
992  67.0  68.0    68.0
993  67.0  68.0    68.0
994  67.0  68.0    68.0
995  67.0  68.0    68.0
996  67.0  68.0    68.0
simulation 18/30
     mean  mode  median
992  67.0  68.0    68.0
993  67.0  68.0    68.0
994  67.0  68.0    68.0
995  67.0  68.0    68.0
996  67.0  68.0    68.0
simulation 19/30
     mean  mode  median
992  67.0  68.0    68.0
993  67.0  68.0    68.0
994  67.0  68.0    68.0
995  67.0  68.0    68.0
996  67.0  68.0    68.0
simulation 20/30
     mean  mode  median
992  67.0  68.0    68.0
993  67.0  68.0    68.0
994  67.0  68.0    68.0
995  67.0  68.0    68.0
996  67.0  68.0    68.0
simulation 21/30
     mean  mode  median
992  67.0  68.0    68.0
993  67.0  68.0    68.0
994  67.0  68.0    68.0
995  67.0  68.0    68.0
996  67.0  68.0    68.0
simulation 22/30
     mean  mode  median
992  67.0  68.0    68.0
993  67.0  68.0    68.0
994  67.0  68.0    68.0
995  67.0  68.0    68.0
996  67.0  68.0    68.0
simulation 23/30
     mean  mode  median
992  67.0  68.0    68.0
993  67.0  68.0    68.0
994  67.0  68.0    68.0
995  67.0  68.0    68.0
996  67.0  68.0    68.0
simulation 24/30
     mean  mode  median
992  67.0  68.0    68.0
993  67.0  68.0    68.0
994  67.0  68.0    68.0
995  67.0  68.0    68.0
996  67.0  68.0    68.0
simulation 25/30
     mean  mode  median
992  67.0  68.0    68.0
993  67.0  68.0    68.0
994  67.0  68.0    68.0
995  67.0  68.0    68.0
996  67.0  68.0    68.0
simulation 26/30
     mean  mode  median
992  67.0  68.0    68.0
993  67.0  68.0    68.0
994  67.0  68.0    68.0
995  67.0  68.0    68.0
996  67.0  68.0    68.0
simulation 27/30
     mean  mode  median
992  67.0  68.0    68.0
993  67.0  68.0    68.0
994  67.0  68.0    68.0
995  67.0  68.0    68.0
996  67.0  68.0    68.0
simulation 28/30
     mean  mode  median
992  67.0  68.0    68.0
993  67.0  68.0    68.0
994  67.0  68.0    68.0
995  67.0  68.0    68.0
996  67.0  68.0    68.0
simulation 29/30
     mean  mode  median
992  67.0  68.0    68.0
993  67.0  68.0    68.0
994  67.0  68.0    68.0
995  67.0  68.0    68.0
996  67.0  68.0    68.0
simulation 30/30
     mean  mode  median
992  67.0  68.0    68.0
993  67.0  68.0    68.0
994  67.0  68.0    68.0
995  67.0  68.0    68.0
996  67.0  68.0    68.0
